Ipa_06	211761	0	0.28879446422989824	0.2054815161571266	0.19064320977117766	0.11584190688323229	0.31414376824181817	0.3940342536960281	0.12664990673427995	0.10948521161267795
Ipa_07	211762	0.28879446422989824	0	0.09817318147521703	0.18515483724237447	0.18477047320326567	0.14238530015021855	0.24467117486853276	0.36365393412023905	0.36280138727127853
Ipa_08	211763	0.2054815161571266	0.09817318147521703	0	0.10827144930759282	0.14078705418959106	0.1635909499865999	0.2817345356603823	0.28206971895718147	0.2759641453596626
Ipa_09	211764	0.19064320977117766	0.18515483724237447	0.10827144930759282	0	0.18031862937876056	0.1868745170835003	0.3217325378573724	0.2736888862099125	0.26226580305821195
Ipa_10	211765	0.11584190688323229	0.18477047320326567	0.14078705418959106	0.18031862937876056	0	0.25196367384202834	0.31981439751713725	0.210359222410146	0.21401715054585393
Opa_01	211766	0.31414376824181817	0.14238530015021855	0.1635909499865999	0.1868745170835003	0.25196367384202834	0	0.20733416101536103	0.32830980071295623	0.3410316512382207
Opa_02	211767	0.3940342536960281	0.24467117486853276	0.2817345356603823	0.3217325378573724	0.31981439751713725	0.20733416101536103	0	0.38421719923662895	0.40590828281492136
Opa_03	211768	0.12664990673427995	0.36365393412023905	0.28206971895718147	0.2736888862099125	0.210359222410146	0.32830980071295623	0.38421719923662895	0	0.07761407027511663
Opa_05	211769	0.10948521161267795	0.36280138727127853	0.2759641453596626	0.26226580305821195	0.21401715054585393	0.3410316512382207	0.40590828281492136	0.07761407027511663	0
