Ipa_06	211761	0	0.23789889001838938	0.19239958090300704	0.1908258696267995	0.08313010622379864	0.35305940216399406	0.3844348094580985	0.24033627528950047	0.2676704578655938
Ipa_07	211762	0.23789889001838938	0	0.08728164529657878	0.23454623852031944	0.1947598943576513	0.2580969082060225	0.294720704552264	0.38864396819369423	0.401000163852556
Ipa_08	211763	0.19239958090300704	0.08728164529657878	0	0.17082416927064026	0.1520300982659261	0.2359731666720971	0.28587642721206347	0.3509701424641241	0.3404461014039541
Ipa_09	211764	0.1908258696267995	0.23454623852031944	0.17082416927064026	0	0.19560145468392975	0.2740287285559564	0.3121430148839819	0.3441339575014603	0.29960642193094617
Ipa_10	211765	0.08313010622379864	0.1947598943576513	0.1520300982659261	0.19560145468392975	0	0.3311592308774176	0.37626362316186834	0.2935869132264824	0.32719059919061844
Opa_01	211766	0.35305940216399406	0.2580969082060225	0.2359731666720971	0.2740287285559564	0.3311592308774176	0	0.22573189101128818	0.3630377321759483	0.3159872449943032
Opa_02	211767	0.3844348094580985	0.294720704552264	0.28587642721206347	0.3121430148839819	0.37626362316186834	0.22573189101128818	0	0.3402919267849344	0.3278462185662154
Opa_03	211768	0.24033627528950047	0.38864396819369423	0.3509701424641241	0.3441339575014603	0.2935869132264824	0.3630377321759483	0.3402919267849344	0	0.15571822400439286
Opa_05	211769	0.2676704578655938	0.401000163852556	0.3404461014039541	0.29960642193094617	0.32719059919061844	0.3159872449943032	0.3278462185662154	0.15571822400439286	0
