Ipa_06	211761	0.0	0.002309485202553753	0.0015690627875256688	0.0013177474185069428	0.001099287349679744	0.008278907571787104	0.004116179832503453	0.001051744895736174	0.0022598907173813827
Ipa_07	211762	0.002309485202553753	0.0	0.0008269547308328053	0.0015989882485562329	0.0013264072656200012	0.006652271885157787	0.0025348132037085244	0.0025390280739788357	0.003859184088706956
Ipa_08	211763	0.0015690627875256688	0.0008269547308328053	0.0	0.0007749389291814706	0.0008654573331894124	0.007097630783718397	0.0029825421029441006	0.002075211011189338	0.003304579713909736
Ipa_09	211764	0.0013177474185069428	0.0015989882485562329	0.0007749389291814706	0.0	0.0010654108138549202	0.007358543911748036	0.003171664894987836	0.002082886249525469	0.0032476781102413602
Ipa_10	211765	0.001099287349679744	0.0013264072656200012	0.0008654573331894124	0.0010654108138549202	0.0	0.0074959196954269775	0.0033715394535095877	0.0015156021937524156	0.0029059084370047345
Opa_01	211766	0.008278907571787104	0.006652271885157787	0.007097630783718397	0.007358543911748036	0.0074959196954269775	0.0	0.007563467581343289	0.007840575695926893	0.006843223611943984
Opa_02	211767	0.004116179832503453	0.0025348132037085244	0.0029825421029441006	0.003171664894987836	0.0033715394535095877	0.007563467581343289	0.0	0.003295978334846854	0.005137490940580217
Opa_03	211768	0.001051744895736174	0.0025390280739788357	0.002075211011189338	0.002082886249525469	0.0015156021937524156	0.007840575695926893	0.003295978334846854	0.0	0.002176475934545139
Opa_05	211769	0.0022598907173813827	0.003859184088706956	0.003304579713909736	0.0032476781102413602	0.0029059084370047345	0.006843223611943984	0.005137490940580217	0.002176475934545139	0.0
