Ipa_06	211761	0.0	0.0021966995462982418	0.0018322900533575502	0.0015035093493445408	0.0009263326002799686	0.013855560780884141	0.0053692563851095755	0.002407006187939516	0.007658613335872609
Ipa_07	211762	0.0021966995462982418	0.0	0.0007975589688423346	0.0022274694011691952	0.0016203261653186239	0.012320578054112644	0.004030379660878977	0.003220315983357421	0.008290860183705269
Ipa_08	211763	0.0018322900533575502	0.0007975589688423346	0.0	0.001434507389368403	0.0012559188821757404	0.012227625869396214	0.003936384760485419	0.0028961946821948895	0.0075878898433446775
Ipa_09	211764	0.0015035093493445408	0.0022274694011691952	0.001434507389368403	0.0	0.001512296722226104	0.01270222207490607	0.004203385127088962	0.0029761246110415036	0.007331873981089112
Ipa_10	211765	0.0009263326002799686	0.0016203261653186239	0.0012559188821757404	0.001512296722226104	0.0	0.013367921954307534	0.005071349329030023	0.002948264526930808	0.008199596095496399
Opa_01	211766	0.013855560780884141	0.012320578054112644	0.012227625869396214	0.01270222207490607	0.013367921954307534	0.0	0.013204367464208135	0.013321044821956809	0.007589772960853077
Opa_02	211767	0.0053692563851095755	0.004030379660878977	0.003936384760485419	0.004203385127088962	0.005071349329030023	0.013204367464208135	0.0	0.004060175432331973	0.008906677527114132
Opa_03	211768	0.002407006187939516	0.003220315983357421	0.0028961946821948895	0.0029761246110415036	0.002948264526930808	0.013321044821956809	0.004060175432331973	0.0	0.006297495499071356
Opa_05	211769	0.007658613335872609	0.008290860183705269	0.0075878898433446775	0.007331873981089112	0.008199596095496399	0.007589772960853077	0.008906677527114132	0.006297495499071356	0.0
