7
1265442    0.0000000 0.0042667 0.0042851 0.0042667 0.0085591 0.0000010 0.0042303 
40166      0.0042667 0.0000000 0.0085960 0.0085591 0.0042667 0.0042667 0.0085591 
43731      0.0042851 0.0085960 0.0000000 0.0085960 0.0129314 0.0042851 0.0085960 
38165      0.0042667 0.0085591 0.0085960 0.0000000 0.0128759 0.0042667 0.0000010 
45238      0.0085591 0.0042667 0.0129314 0.0128759 0.0000000 0.0085591 0.0128759 
29206      0.0000010 0.0042667 0.0042851 0.0042667 0.0085591 0.0000000 0.0042667 
62749      0.0042303 0.0085591 0.0085960 0.0000010 0.0128759 0.0042667 0.0000000 
